Correct  : 13.2 5.3 4.0 3.5 0.7 0.5 0.3 0.2 0.2 0.1 0.1 0.1 0.0 0.0 0.0 0.0 0.0 0.0 0.0 0.0 
Predicted: 11.6 7.2 5.2 3.1 1.8 1.1 0.8 0.5 0.4 0.3 0.3 0.2 0.2 0.2 0.2 0.1 0.1 0.1 0.1 0.1 

Correct  : 11.5 6.4 4.7 4.2 1.0 0.6 0.5 0.4 0.3 0.3 0.3 0.3 0.3 0.2 0.2 0.1 0.1 0.1 0.1 0.1 
Predicted: 10.3 6.9 5.3 3.6 2.3 1.6 1.1 0.7 0.5 0.4 0.3 0.3 0.2 0.2 0.2 0.2 0.1 0.1 0.1 0.1 

Correct  : 16.3 6.8 0.4 0.3 0.3 0.2 0.2 0.2 0.2 0.1 0.1 0.1 0.1 0.1 0.1 0.1 0.1 0.1 0.1 0.1 
Predicted: 16.4 7.0 2.1 0.9 0.5 0.3 0.3 0.2 0.2 0.1 0.1 0.1 0.1 0.1 0.1 0.1 0.1 0.1 0.0 0.0 

Correct  : 17.8 9.6 9.1 5.9 5.4 0.6 0.5 0.4 0.4 0.4 0.3 0.3 0.3 0.3 0.3 0.2 0.2 0.2 0.2 0.2 
Predicted: 15.6 9.8 7.6 6.2 4.7 3.5 2.6 1.7 1.2 0.9 0.7 0.6 0.5 0.4 0.4 0.4 0.3 0.3 0.2 0.2 

Correct  : 0.3 0.1 0.1 0.1 0.1 0.0 0.0 0.0 0.0 0.0 0.0 0.0 0.0 0.0 0.0 0.0 0.0 0.0 0.0 0.0 
Predicted: 0.5 0.3 0.2 0.1 0.1 0.1 0.1 0.1 0.0 0.0 0.0 0.0 0.0 0.0 0.0 0.0 0.0 0.0 0.0 0.0 

Correct  : 23.4 10.2 1.8 1.4 0.6 0.4 0.4 0.3 0.3 0.2 0.2 0.2 0.2 0.2 0.2 0.1 0.1 0.1 0.1 0.1 
Predicted: 22.7 7.4 3.7 1.9 1.0 0.6 0.5 0.3 0.3 0.2 0.2 0.2 0.2 0.1 0.1 0.1 0.1 0.1 0.1 0.1 

Correct  : 0.3 0.2 0.2 0.1 0.1 0.1 0.1 0.1 0.0 0.0 0.0 0.0 0.0 0.0 0.0 0.0 0.0 0.0 0.0 0.0 
Predicted: 2.0 0.6 0.3 0.2 0.2 0.1 0.1 0.1 0.1 0.1 0.0 0.0 0.0 0.0 0.0 0.0 0.0 0.0 0.0 0.0 

Correct  : 6.9 4.5 0.3 0.2 0.1 0.1 0.1 0.1 0.1 0.0 0.0 0.0 0.0 0.0 0.0 0.0 0.0 0.0 0.0 0.0 
Predicted: 6.1 3.6 1.5 0.8 0.5 0.3 0.3 0.2 0.2 0.1 0.1 0.1 0.1 0.1 0.1 0.1 0.1 0.1 0.0 0.0 

Correct  : 13.1 9.2 7.6 4.8 3.5 1.9 1.1 1.1 0.9 0.6 0.6 0.6 0.5 0.5 0.5 0.4 0.3 0.3 0.2 0.2 
Predicted: 10.9 8.9 7.7 6.3 4.8 3.5 2.5 1.7 1.2 0.9 0.7 0.6 0.5 0.4 0.4 0.3 0.3 0.3 0.2 0.2 

Correct  : 10.9 4.4 2.7 1.9 1.2 1.1 0.4 0.4 0.4 0.3 0.3 0.3 0.2 0.2 0.2 0.2 0.2 0.2 0.2 0.2 
Predicted: 8.9 5.6 3.8 2.2 1.2 0.8 0.6 0.4 0.3 0.3 0.2 0.2 0.2 0.1 0.1 0.1 0.1 0.1 0.1 0.1 

Correct  : 17.9 13.2 7.6 6.6 4.9 1.9 0.4 0.4 0.3 0.3 0.2 0.2 0.2 0.2 0.2 0.1 0.1 0.1 0.1 0.1 
Predicted: 17.1 10.0 6.9 4.8 3.2 2.2 1.6 1.1 0.8 0.6 0.5 0.4 0.3 0.3 0.3 0.3 0.2 0.2 0.2 0.1 

Correct  : 19.8 10.9 10.6 4.4 3.2 2.6 1.9 1.7 1.1 1.0 0.9 0.5 0.5 0.4 0.4 0.3 0.3 0.3 0.3 0.3 
Predicted: 18.4 8.7 6.0 4.7 3.5 2.6 2.0 1.3 1.0 0.7 0.6 0.5 0.4 0.4 0.3 0.3 0.2 0.2 0.2 0.2 

Correct  : 11.2 9.3 0.5 0.3 0.2 0.2 0.2 0.2 0.1 0.1 0.1 0.1 0.1 0.1 0.1 0.1 0.1 0.1 0.1 0.1 
Predicted: 10.1 7.7 2.0 0.7 0.3 0.3 0.2 0.2 0.2 0.1 0.1 0.1 0.1 0.1 0.1 0.1 0.0 0.0 0.0 0.0 

Correct  : 20.2 10.0 0.8 0.0 0.0 0.0 0.0 0.0 0.0 0.0 0.0 0.0 0.0 0.0 0.0 0.0 0.0 0.0 0.0 0.0 
Predicted: 18.8 8.0 2.2 0.9 0.4 0.3 0.3 0.2 0.2 0.2 0.1 0.1 0.1 0.1 0.1 0.1 0.1 0.1 0.0 0.0 

Correct  : 17.4 13.2 8.8 6.3 3.4 1.0 0.7 0.4 0.3 0.3 0.3 0.3 0.3 0.2 0.2 0.2 0.2 0.2 0.2 0.1 
Predicted: 16.9 11.7 7.7 5.4 3.6 2.5 1.8 1.2 0.9 0.6 0.5 0.4 0.4 0.3 0.3 0.3 0.2 0.2 0.2 0.2 

Correct  : 10.6 6.3 0.4 0.3 0.3 0.3 0.2 0.2 0.2 0.2 0.2 0.2 0.2 0.1 0.1 0.1 0.1 0.1 0.1 0.1 
Predicted: 9.2 5.1 1.5 0.6 0.3 0.2 0.2 0.2 0.1 0.1 0.1 0.1 0.1 0.1 0.1 0.1 0.0 0.0 0.0 0.0 

Correct  : 8.0 1.5 0.4 0.4 0.4 0.2 0.2 0.1 0.1 0.1 0.0 0.0 0.0 0.0 0.0 0.0 0.0 0.0 0.0 0.0 
Predicted: 7.1 3.3 1.1 0.6 0.4 0.3 0.2 0.2 0.1 0.1 0.1 0.1 0.1 0.1 0.1 0.1 0.0 0.0 0.0 0.0 

Correct  : 40.5 0.0 0.0 0.0 0.0 0.0 0.0 0.0 0.0 0.0 0.0 0.0 0.0 0.0 0.0 0.0 0.0 0.0 0.0 0.0 
Predicted: 35.1 -0.2 0.1 0.3 0.1 0.1 0.2 0.1 0.1 0.1 0.1 0.1 0.1 0.0 0.1 0.1 0.0 0.0 -0.0 -0.0 

Correct  : 17.9 15.8 0.6 0.5 0.1 0.0 0.0 0.0 0.0 0.0 0.0 0.0 0.0 0.0 0.0 0.0 0.0 0.0 0.0 0.0 
Predicted: 17.8 11.6 1.9 0.7 0.4 0.4 0.3 0.2 0.2 0.2 0.1 0.1 0.1 0.1 0.1 0.1 0.0 0.0 0.0 0.0 

Correct  : 9.8 9.8 3.4 1.3 0.8 0.3 0.3 0.2 0.2 0.2 0.2 0.2 0.2 0.2 0.2 0.2 0.2 0.2 0.2 0.2 
Predicted: 8.9 7.1 5.4 3.4 2.0 1.4 0.9 0.6 0.5 0.3 0.3 0.2 0.2 0.2 0.2 0.1 0.1 0.1 0.1 0.1 

Correct  : 21.2 0.2 0.0 0.0 0.0 0.0 0.0 0.0 0.0 0.0 0.0 0.0 0.0 0.0 0.0 0.0 0.0 0.0 0.0 0.0 
Predicted: 18.4 0.2 0.3 0.3 0.1 0.1 0.1 0.1 0.1 0.1 0.1 0.0 0.0 0.0 0.0 0.0 0.0 0.0 0.0 0.0 

Correct  : 12.7 0.2 0.0 0.0 0.0 0.0 0.0 0.0 0.0 0.0 0.0 0.0 0.0 0.0 0.0 0.0 0.0 0.0 0.0 0.0 
Predicted: 11.3 0.7 0.3 0.3 0.2 0.1 0.1 0.1 0.1 0.1 0.1 0.0 0.0 0.0 0.0 0.0 0.0 0.0 0.0 0.0 

Correct  : 0.2 0.1 0.1 0.1 0.1 0.1 0.0 0.0 0.0 0.0 0.0 0.0 0.0 0.0 0.0 0.0 0.0 0.0 0.0 0.0 
Predicted: 0.6 0.3 0.2 0.1 0.1 0.1 0.1 0.1 0.1 0.0 0.0 0.0 0.0 0.0 0.0 0.0 0.0 0.0 0.0 0.0 

Correct  : 0.2 0.2 0.2 0.1 0.1 0.1 0.1 0.1 0.1 0.1 0.1 0.1 0.1 0.1 0.1 0.1 0.1 0.1 0.1 0.0 
Predicted: 0.6 0.3 0.2 0.1 0.1 0.1 0.1 0.1 0.0 0.0 0.0 0.0 0.0 0.0 0.0 0.0 0.0 0.0 0.0 0.0 

Correct  : 19.8 13.4 7.4 6.5 3.4 1.6 1.5 1.2 1.2 1.0 0.9 0.8 0.8 0.7 0.6 0.6 0.6 0.5 0.5 0.5 
Predicted: 15.4 9.9 7.2 5.3 3.7 2.6 1.9 1.2 0.9 0.7 0.5 0.4 0.4 0.3 0.3 0.3 0.2 0.2 0.2 0.2 

Correct  : 16.8 16.5 0.5 0.2 0.2 0.1 0.1 0.1 0.1 0.1 0.1 0.0 0.0 0.0 0.0 0.0 0.0 0.0 0.0 0.0 
Predicted: 15.5 12.6 2.2 0.6 0.2 0.2 0.3 0.2 0.2 0.1 0.1 0.1 0.1 0.1 0.1 0.1 0.0 0.0 0.0 0.0 

Correct  : 19.7 9.2 0.3 0.1 0.1 0.1 0.1 0.0 0.0 0.0 0.0 0.0 0.0 0.0 0.0 0.0 0.0 0.0 0.0 0.0 
Predicted: 18.1 5.8 1.8 0.9 0.5 0.3 0.3 0.2 0.2 0.2 0.1 0.1 0.1 0.1 0.1 0.1 0.1 0.1 0.0 0.0 

Correct  : 12.4 6.7 0.6 0.3 0.2 0.2 0.1 0.1 0.1 0.1 0.1 0.1 0.1 0.1 0.1 0.1 0.1 0.0 0.0 0.0 
Predicted: 13.9 6.6 1.6 0.7 0.4 0.3 0.3 0.2 0.2 0.1 0.1 0.1 0.1 0.1 0.1 0.1 0.0 0.0 0.0 0.0 

Correct  : 28.5 12.9 11.0 3.4 2.2 0.7 0.4 0.2 0.2 0.2 0.2 0.2 0.2 0.2 0.2 0.2 0.1 0.1 0.1 0.1 
Predicted: 24.1 11.1 7.8 4.8 2.7 1.6 1.1 0.7 0.6 0.4 0.4 0.3 0.3 0.2 0.2 0.2 0.1 0.1 0.1 0.1 

Correct  : 0.2 0.2 0.2 0.1 0.1 0.1 0.1 0.1 0.1 0.1 0.1 0.1 0.1 0.0 0.0 0.0 0.0 0.0 0.0 0.0 
Predicted: 0.7 0.4 0.2 0.2 0.1 0.1 0.1 0.1 0.1 0.0 0.0 0.0 0.0 0.0 0.0 0.0 0.0 0.0 0.0 0.0 

Correct  : 0.2 0.1 0.1 0.1 0.1 0.1 0.1 0.0 0.0 0.0 0.0 0.0 0.0 0.0 0.0 0.0 0.0 0.0 0.0 0.0 
Predicted: 0.4 0.2 0.1 0.1 0.1 0.1 0.1 0.0 0.0 0.0 0.0 0.0 0.0 0.0 0.0 0.0 0.0 0.0 0.0 0.0 

Correct  : 10.2 3.8 3.6 1.8 0.5 0.3 0.1 0.1 0.1 0.1 0.0 0.0 0.0 0.0 0.0 0.0 0.0 0.0 0.0 0.0 
Predicted: 9.2 5.9 4.2 2.6 1.6 1.0 0.7 0.5 0.4 0.3 0.3 0.2 0.2 0.2 0.1 0.1 0.1 0.1 0.1 0.1 

Correct  : 7.2 4.9 4.6 0.9 0.6 0.5 0.3 0.3 0.3 0.3 0.2 0.2 0.2 0.1 0.1 0.1 0.1 0.1 0.1 0.1 
Predicted: 7.5 5.5 3.7 2.2 1.4 0.9 0.7 0.5 0.4 0.3 0.2 0.2 0.2 0.2 0.1 0.1 0.1 0.1 0.1 0.1 

Correct  : 23.0 10.0 8.7 6.6 5.6 3.5 1.9 0.3 0.3 0.3 0.2 0.2 0.2 0.2 0.2 0.2 0.2 0.1 0.1 0.1 
Predicted: 21.4 8.5 6.7 5.3 3.8 2.7 2.0 1.3 1.0 0.7 0.6 0.5 0.4 0.4 0.3 0.3 0.2 0.2 0.2 0.2 

Correct  : 40.8 0.2 0.0 0.0 0.0 0.0 0.0 0.0 0.0 0.0 0.0 0.0 0.0 0.0 0.0 0.0 0.0 0.0 0.0 0.0 
Predicted: 36.0 -0.2 0.2 0.3 0.1 0.1 0.2 0.1 0.1 0.1 0.1 0.1 0.1 0.1 0.1 0.1 0.0 0.0 -0.0 -0.0 

Correct  : 21.8 14.5 6.7 0.6 0.1 0.1 0.1 0.0 0.0 0.0 0.0 0.0 0.0 0.0 0.0 0.0 0.0 0.0 0.0 0.0 
Predicted: 20.1 11.4 5.5 2.7 1.3 0.8 0.6 0.4 0.3 0.2 0.2 0.2 0.2 0.1 0.1 0.1 0.1 0.1 0.1 0.1 

Correct  : 0.2 0.1 0.1 0.1 0.1 0.0 0.0 0.0 0.0 0.0 0.0 0.0 0.0 0.0 0.0 0.0 0.0 0.0 0.0 0.0 
Predicted: 0.6 0.3 0.2 0.2 0.1 0.1 0.1 0.1 0.1 0.0 0.0 0.0 0.0 0.0 0.0 0.0 0.0 0.0 0.0 0.0 

Correct  : 11.6 10.5 10.2 4.9 4.2 4.1 2.7 1.8 0.7 0.5 0.4 0.3 0.3 0.3 0.3 0.3 0.2 0.2 0.2 0.2 
Predicted: 11.4 8.9 7.0 5.7 4.3 3.2 2.3 1.6 1.1 0.8 0.6 0.5 0.5 0.4 0.4 0.3 0.3 0.2 0.2 0.2 

Correct  : 0.2 0.1 0.1 0.1 0.1 0.0 0.0 0.0 0.0 0.0 0.0 0.0 0.0 0.0 0.0 0.0 0.0 0.0 0.0 0.0 
Predicted: 0.6 0.3 0.2 0.1 0.1 0.1 0.1 0.1 0.0 0.0 0.0 0.0 0.0 0.0 0.0 0.0 0.0 0.0 0.0 0.0 

Correct  : 34.1 2.2 0.7 0.6 0.5 0.3 0.3 0.3 0.2 0.2 0.1 0.1 0.1 0.1 0.1 0.0 0.0 0.0 0.0 0.0 
Predicted: 28.9 3.4 1.6 1.1 0.6 0.4 0.4 0.3 0.3 0.2 0.2 0.2 0.1 0.1 0.1 0.1 0.1 0.1 0.0 0.0 

Correct  : 24.6 0.0 0.0 0.0 0.0 0.0 0.0 0.0 0.0 0.0 0.0 0.0 0.0 0.0 0.0 0.0 0.0 0.0 0.0 0.0 
Predicted: 21.7 0.5 0.5 0.4 0.2 0.2 0.2 0.1 0.1 0.1 0.1 0.1 0.1 0.1 0.1 0.1 0.0 0.0 0.0 0.0 

Correct  : 8.0 0.3 0.2 0.1 0.1 0.1 0.1 0.1 0.1 0.0 0.0 0.0 0.0 0.0 0.0 0.0 0.0 0.0 0.0 0.0 
Predicted: 5.7 1.3 0.6 0.4 0.3 0.2 0.2 0.1 0.1 0.1 0.1 0.1 0.1 0.1 0.0 0.0 0.0 0.0 0.0 0.0 

Correct  : 13.4 0.2 0.1 0.1 0.1 0.0 0.0 0.0 0.0 0.0 0.0 0.0 0.0 0.0 0.0 0.0 0.0 0.0 0.0 0.0 
Predicted: 11.9 0.3 0.2 0.2 0.1 0.1 0.1 0.1 0.1 0.1 0.0 0.0 0.0 0.0 0.0 0.0 0.0 0.0 0.0 0.0 

Correct  : 18.0 10.5 7.4 7.2 2.8 0.5 0.3 0.3 0.3 0.2 0.2 0.2 0.2 0.1 0.1 0.1 0.1 0.1 0.1 0.1 
Predicted: 15.8 10.6 7.4 4.3 2.3 1.4 0.9 0.5 0.5 0.3 0.3 0.2 0.2 0.2 0.2 0.2 0.1 0.1 0.1 0.1 

Correct  : 24.1 5.0 4.7 0.8 0.5 0.1 0.1 0.0 0.0 0.0 0.0 0.0 0.0 0.0 0.0 0.0 0.0 0.0 0.0 0.0 
Predicted: 23.8 5.7 3.9 2.4 1.4 0.9 0.7 0.5 0.4 0.3 0.3 0.2 0.2 0.2 0.2 0.2 0.1 0.1 0.1 0.1 

Correct  : 20.7 18.0 14.9 11.3 3.1 1.0 0.9 0.8 0.8 0.6 0.5 0.5 0.4 0.4 0.4 0.4 0.3 0.3 0.3 0.3 
Predicted: 18.0 15.2 10.6 7.3 4.5 2.9 1.9 1.2 0.9 0.6 0.5 0.4 0.4 0.3 0.3 0.3 0.2 0.2 0.2 0.2 

Correct  : 22.0 19.7 1.6 0.8 0.6 0.5 0.4 0.4 0.2 0.1 0.1 0.1 0.1 0.0 0.0 0.0 0.0 0.0 0.0 0.0 
Predicted: 21.6 16.9 2.2 0.5 0.2 0.3 0.3 0.2 0.2 0.1 0.1 0.1 0.1 0.1 0.1 0.1 0.0 0.0 -0.0 -0.0 

Correct  : 21.9 10.2 10.0 4.4 2.9 1.1 0.6 0.5 0.4 0.3 0.2 0.2 0.2 0.2 0.2 0.2 0.2 0.2 0.2 0.2 
Predicted: 20.1 9.2 6.5 4.6 2.9 1.9 1.4 0.9 0.7 0.5 0.4 0.4 0.3 0.3 0.3 0.2 0.2 0.2 0.2 0.1 

Correct  : 21.6 14.7 6.5 3.8 1.4 1.4 0.5 0.4 0.3 0.3 0.2 0.2 0.2 0.2 0.2 0.2 0.2 0.1 0.1 0.1 
Predicted: 17.9 10.0 6.5 4.0 2.4 1.5 1.0 0.7 0.5 0.4 0.3 0.3 0.2 0.2 0.2 0.2 0.1 0.1 0.1 0.1 

Correct  : 17.1 7.1 0.2 0.2 0.2 0.1 0.1 0.1 0.1 0.1 0.1 0.1 0.1 0.1 0.1 0.0 0.0 0.0 0.0 0.0 
Predicted: 16.3 6.6 1.9 0.9 0.5 0.3 0.3 0.2 0.2 0.1 0.1 0.1 0.1 0.1 0.1 0.1 0.1 0.1 0.0 0.0 

Correct  : 13.0 11.8 8.3 6.2 4.9 2.4 2.2 0.8 0.7 0.5 0.4 0.3 0.3 0.3 0.3 0.2 0.2 0.2 0.1 0.1 
Predicted: 13.5 9.5 7.0 5.4 3.9 2.9 2.1 1.4 1.0 0.7 0.6 0.5 0.4 0.3 0.3 0.3 0.2 0.2 0.2 0.2 

Correct  : 8.5 0.5 0.3 0.2 0.2 0.2 0.2 0.2 0.2 0.1 0.1 0.1 0.1 0.1 0.1 0.1 0.1 0.0 0.0 0.0 
Predicted: 6.1 2.0 0.8 0.4 0.3 0.2 0.2 0.1 0.1 0.1 0.1 0.1 0.1 0.1 0.1 0.1 0.0 0.0 0.0 0.0 

Correct  : 29.1 3.8 2.3 1.5 1.0 0.7 0.6 0.6 0.6 0.5 0.5 0.3 0.3 0.3 0.2 0.2 0.1 0.1 0.1 0.1 
Predicted: 27.9 4.3 2.2 1.4 0.8 0.6 0.5 0.4 0.3 0.2 0.2 0.2 0.2 0.2 0.2 0.1 0.1 0.1 0.1 0.1 

Correct  : 27.8 10.8 0.2 0.2 0.1 0.1 0.1 0.1 0.0 0.0 0.0 0.0 0.0 0.0 0.0 0.0 0.0 0.0 0.0 0.0 
Predicted: 24.4 8.6 2.5 1.0 0.5 0.3 0.4 0.2 0.2 0.2 0.2 0.1 0.1 0.1 0.1 0.1 0.1 0.1 0.0 0.0 

Correct  : 12.8 11.3 9.2 7.6 6.8 4.9 4.2 1.8 1.6 1.1 1.0 1.0 0.9 0.8 0.8 0.7 0.7 0.7 0.7 0.7 
Predicted: 11.4 9.3 8.0 6.9 5.5 4.2 3.1 2.1 1.5 1.1 0.8 0.7 0.6 0.5 0.4 0.4 0.3 0.3 0.3 0.3 

Correct  : 13.3 8.9 8.2 6.9 6.1 4.7 3.1 2.4 2.1 0.6 0.6 0.5 0.5 0.4 0.4 0.3 0.3 0.3 0.3 0.3 
Predicted: 10.8 9.0 7.9 7.3 6.1 4.8 3.6 2.4 1.7 1.2 0.9 0.8 0.7 0.6 0.5 0.5 0.4 0.3 0.3 0.3 

Correct  : 11.5 6.3 0.9 0.9 0.8 0.8 0.5 0.5 0.3 0.3 0.3 0.2 0.2 0.2 0.1 0.1 0.1 0.1 0.1 0.1 
Predicted: 10.4 6.1 4.0 2.2 1.2 0.7 0.5 0.3 0.3 0.2 0.2 0.2 0.1 0.1 0.1 0.1 0.1 0.1 0.1 0.1 

Correct  : 14.5 13.4 5.2 3.9 3.0 0.7 0.3 0.3 0.2 0.2 0.2 0.2 0.2 0.2 0.2 0.2 0.2 0.1 0.1 0.1 
Predicted: 16.6 10.9 5.9 3.5 2.0 1.3 0.9 0.6 0.5 0.3 0.3 0.2 0.2 0.2 0.2 0.2 0.1 0.1 0.1 0.1 

Correct  : 17.1 11.4 7.5 6.0 4.7 4.4 3.5 3.1 3.0 0.6 0.2 0.2 0.2 0.2 0.1 0.1 0.1 0.1 0.1 0.1 
Predicted: 17.7 9.0 6.3 5.4 4.4 3.5 2.7 1.9 1.4 1.0 0.8 0.6 0.5 0.5 0.4 0.4 0.3 0.3 0.3 0.2 

Correct  : 16.4 0.1 0.1 0.0 0.0 0.0 0.0 0.0 0.0 0.0 0.0 0.0 0.0 0.0 0.0 0.0 0.0 0.0 0.0 0.0 
Predicted: 14.1 0.4 0.3 0.2 0.1 0.1 0.1 0.1 0.1 0.1 0.1 0.0 0.0 0.0 0.0 0.0 0.0 0.0 0.0 0.0 

Correct  : 0.2 0.1 0.0 0.0 0.0 0.0 0.0 0.0 0.0 0.0 0.0 0.0 0.0 0.0 0.0 0.0 0.0 0.0 0.0 0.0 
Predicted: 0.5 0.3 0.2 0.1 0.1 0.1 0.1 0.1 0.0 0.0 0.0 0.0 0.0 0.0 0.0 0.0 0.0 0.0 0.0 0.0 

Correct  : 19.9 0.1 0.1 0.1 0.1 0.1 0.1 0.0 0.0 0.0 0.0 0.0 0.0 0.0 0.0 0.0 0.0 0.0 0.0 0.0 
Predicted: 18.3 0.2 0.3 0.3 0.2 0.1 0.1 0.1 0.1 0.1 0.1 0.1 0.0 0.0 0.0 0.0 0.0 0.0 0.0 0.0 

Correct  : 29.8 5.2 0.3 0.1 0.1 0.1 0.1 0.1 0.1 0.0 0.0 0.0 0.0 0.0 0.0 0.0 0.0 0.0 0.0 0.0 
Predicted: 28.5 4.1 1.7 1.1 0.6 0.4 0.4 0.3 0.3 0.2 0.2 0.2 0.1 0.1 0.1 0.1 0.1 0.1 0.0 0.0 

Correct  : 12.3 11.1 8.8 4.4 3.0 2.6 2.1 1.9 1.4 1.2 1.2 1.1 1.0 1.0 0.9 0.9 0.8 0.7 0.6 0.6 
Predicted: 12.0 9.0 6.8 5.5 4.3 3.2 2.4 1.6 1.2 0.8 0.7 0.6 0.5 0.4 0.4 0.3 0.3 0.2 0.2 0.2 

Correct  : 24.9 0.1 0.0 0.0 0.0 0.0 0.0 0.0 0.0 0.0 0.0 0.0 0.0 0.0 0.0 0.0 0.0 0.0 0.0 0.0 
Predicted: 20.4 0.6 0.3 0.3 0.2 0.1 0.2 0.1 0.1 0.1 0.1 0.1 0.0 0.0 0.0 0.0 0.0 0.0 0.0 0.0 

Correct  : 0.3 0.1 0.1 0.1 0.1 0.1 0.1 0.1 0.0 0.0 0.0 0.0 0.0 0.0 0.0 0.0 0.0 0.0 0.0 0.0 
Predicted: 0.4 0.2 0.1 0.1 0.1 0.1 0.1 0.0 0.0 0.0 0.0 0.0 0.0 0.0 0.0 0.0 0.0 0.0 0.0 0.0 

Correct  : 16.3 11.9 10.1 9.2 4.3 1.1 0.5 0.4 0.4 0.4 0.3 0.3 0.3 0.2 0.2 0.2 0.2 0.2 0.2 0.2 
Predicted: 14.2 10.1 7.7 5.8 4.1 2.9 2.1 1.4 1.0 0.7 0.6 0.5 0.4 0.3 0.3 0.3 0.2 0.2 0.2 0.2 

Correct  : 16.0 8.0 2.3 1.4 1.0 0.5 0.4 0.3 0.3 0.1 0.1 0.1 0.1 0.1 0.1 0.1 0.1 0.1 0.1 0.0 
Predicted: 17.1 7.6 5.0 2.9 1.7 1.0 0.8 0.5 0.4 0.3 0.3 0.2 0.2 0.2 0.2 0.2 0.1 0.1 0.1 0.1 

Correct  : 30.7 0.1 0.1 0.1 0.0 0.0 0.0 0.0 0.0 0.0 0.0 0.0 0.0 0.0 0.0 0.0 0.0 0.0 0.0 0.0 
Predicted: 29.3 0.2 0.2 0.3 0.1 0.1 0.2 0.1 0.1 0.1 0.1 0.0 0.0 0.0 0.0 0.1 0.0 0.0 -0.0 -0.0 

Correct  : 13.0 7.6 1.1 0.3 0.3 0.2 0.2 0.2 0.2 0.2 0.2 0.2 0.2 0.2 0.1 0.1 0.1 0.1 0.1 0.1 
Predicted: 10.9 6.5 3.6 1.7 0.8 0.5 0.4 0.2 0.2 0.2 0.1 0.1 0.1 0.1 0.1 0.1 0.1 0.1 0.0 0.0 

Correct  : 17.1 8.9 8.0 6.6 3.7 1.9 1.0 0.5 0.4 0.3 0.3 0.3 0.2 0.2 0.2 0.2 0.2 0.2 0.2 0.2 
Predicted: 19.3 6.9 5.2 4.0 3.0 2.3 1.8 1.2 0.9 0.7 0.5 0.4 0.4 0.3 0.3 0.3 0.2 0.2 0.2 0.2 

Correct  : 13.2 0.2 0.2 0.2 0.2 0.2 0.2 0.1 0.1 0.1 0.1 0.1 0.1 0.1 0.1 0.1 0.0 0.0 0.0 0.0 
Predicted: 11.4 0.4 0.3 0.2 0.2 0.1 0.1 0.1 0.1 0.1 0.1 0.0 0.0 0.0 0.0 0.0 0.0 0.0 0.0 0.0 

Correct  : 13.8 0.3 0.3 0.3 0.2 0.2 0.2 0.2 0.2 0.2 0.1 0.1 0.1 0.1 0.1 0.1 0.1 0.0 0.0 0.0 
Predicted: 12.5 1.5 0.6 0.4 0.3 0.2 0.2 0.1 0.1 0.1 0.1 0.1 0.1 0.1 0.0 0.0 0.0 0.0 0.0 0.0 

Correct  : 27.1 16.4 0.4 0.3 0.3 0.3 0.3 0.2 0.2 0.2 0.2 0.2 0.2 0.2 0.2 0.2 0.1 0.1 0.1 0.1 
Predicted: 22.9 13.7 2.9 1.0 0.4 0.3 0.3 0.2 0.2 0.1 0.1 0.1 0.1 0.1 0.1 0.1 0.0 0.0 0.0 0.0 

Correct  : 18.7 0.0 0.0 0.0 0.0 0.0 0.0 0.0 0.0 0.0 0.0 0.0 0.0 0.0 0.0 0.0 0.0 0.0 0.0 0.0 
Predicted: 17.2 0.1 0.2 0.2 0.1 0.1 0.1 0.1 0.1 0.1 0.1 0.0 0.0 0.0 0.0 0.0 0.0 0.0 0.0 0.0 

Correct  : 2.7 1.9 0.2 0.1 0.1 0.1 0.1 0.1 0.0 0.0 0.0 0.0 0.0 0.0 0.0 0.0 0.0 0.0 0.0 0.0 
Predicted: 4.9 1.8 0.8 0.5 0.3 0.2 0.2 0.2 0.1 0.1 0.1 0.1 0.1 0.1 0.1 0.1 0.0 0.0 0.0 0.0 

Correct  : 0.2 0.2 0.1 0.1 0.1 0.1 0.1 0.1 0.0 0.0 0.0 0.0 0.0 0.0 0.0 0.0 0.0 0.0 0.0 0.0 
Predicted: 0.6 0.3 0.2 0.1 0.1 0.1 0.1 0.1 0.0 0.0 0.0 0.0 0.0 0.0 0.0 0.0 0.0 0.0 0.0 0.0 

Correct  : 0.2 0.1 0.1 0.1 0.1 0.1 0.0 0.0 0.0 0.0 0.0 0.0 0.0 0.0 0.0 0.0 0.0 0.0 0.0 0.0 
Predicted: 0.6 0.3 0.2 0.1 0.1 0.1 0.1 0.1 0.1 0.0 0.0 0.0 0.0 0.0 0.0 0.0 0.0 0.0 0.0 0.0 

Correct  : 9.3 8.6 8.0 7.8 4.8 4.1 3.4 1.5 0.8 0.5 0.5 0.4 0.4 0.3 0.3 0.3 0.3 0.2 0.2 0.2 
Predicted: 10.4 8.4 7.4 6.1 4.6 3.4 2.4 1.6 1.2 0.8 0.7 0.5 0.5 0.4 0.4 0.3 0.3 0.3 0.2 0.2 

Correct  : 20.0 0.1 0.1 0.1 0.1 0.1 0.1 0.0 0.0 0.0 0.0 0.0 0.0 0.0 0.0 0.0 0.0 0.0 0.0 0.0 
Predicted: 15.9 0.7 0.5 0.4 0.2 0.2 0.2 0.1 0.1 0.1 0.1 0.1 0.1 0.1 0.0 0.1 0.0 0.0 0.0 0.0 

Correct  : 9.7 5.9 5.5 2.3 1.1 0.8 0.6 0.6 0.6 0.3 0.3 0.3 0.2 0.2 0.1 0.1 0.1 0.1 0.1 0.1 
Predicted: 9.4 6.2 4.5 2.7 1.6 1.0 0.7 0.5 0.4 0.3 0.3 0.2 0.2 0.2 0.1 0.1 0.1 0.1 0.1 0.1 

Correct  : 13.6 0.0 0.0 0.0 0.0 0.0 0.0 0.0 0.0 0.0 0.0 0.0 0.0 0.0 0.0 0.0 0.0 0.0 0.0 0.0 
Predicted: 12.9 0.5 0.2 0.2 0.1 0.1 0.1 0.1 0.1 0.1 0.0 0.0 0.0 0.0 0.0 0.0 0.0 0.0 0.0 0.0 

Correct  : 31.9 4.9 0.6 0.3 0.2 0.2 0.1 0.1 0.1 0.1 0.1 0.1 0.0 0.0 0.0 0.0 0.0 0.0 0.0 0.0 
Predicted: 28.0 4.7 3.1 2.2 1.3 0.9 0.7 0.5 0.4 0.3 0.3 0.2 0.2 0.2 0.2 0.2 0.1 0.1 0.1 0.1 

Correct  : 23.9 8.5 0.5 0.4 0.3 0.3 0.3 0.3 0.3 0.2 0.2 0.2 0.2 0.2 0.2 0.2 0.1 0.1 0.1 0.1 
Predicted: 23.2 6.9 3.2 1.5 0.6 0.4 0.4 0.2 0.2 0.2 0.2 0.1 0.1 0.1 0.1 0.1 0.1 0.1 0.0 0.0 

Correct  : 17.4 16.6 4.1 1.6 0.9 0.9 0.7 0.6 0.5 0.4 0.4 0.3 0.2 0.2 0.2 0.2 0.1 0.1 0.1 0.1 
Predicted: 17.3 12.3 6.5 3.5 1.8 1.1 0.8 0.5 0.4 0.3 0.3 0.2 0.2 0.2 0.2 0.1 0.1 0.1 0.1 0.1 

Correct  : 20.0 0.3 0.2 0.2 0.2 0.1 0.1 0.1 0.1 0.1 0.1 0.1 0.1 0.1 0.1 0.1 0.1 0.1 0.1 0.0 
Predicted: 20.4 0.4 0.4 0.3 0.2 0.1 0.2 0.1 0.1 0.1 0.1 0.1 0.1 0.1 0.0 0.1 0.0 0.0 0.0 0.0 

Correct  : 16.6 7.0 4.6 0.4 0.2 0.1 0.1 0.1 0.1 0.0 0.0 0.0 0.0 0.0 0.0 0.0 0.0 0.0 0.0 0.0 
Predicted: 16.8 5.9 4.2 2.5 1.5 0.9 0.7 0.5 0.4 0.3 0.3 0.2 0.2 0.2 0.2 0.2 0.1 0.1 0.1 0.1 

Correct  : 7.0 4.5 1.4 1.2 0.8 0.7 0.6 0.4 0.4 0.4 0.3 0.3 0.3 0.2 0.2 0.2 0.1 0.1 0.1 0.1 
Predicted: 7.1 5.3 3.7 2.4 1.5 1.0 0.8 0.5 0.4 0.3 0.3 0.2 0.2 0.2 0.2 0.1 0.1 0.1 0.1 0.1 

Correct  : 22.8 7.6 6.5 5.6 4.7 4.1 1.9 0.6 0.5 0.5 0.3 0.3 0.2 0.2 0.2 0.2 0.2 0.2 0.2 0.2 
Predicted: 20.8 7.9 6.3 5.3 4.0 3.0 2.3 1.5 1.1 0.8 0.7 0.6 0.5 0.4 0.4 0.4 0.3 0.3 0.2 0.2 

Correct  : 27.2 10.9 2.8 1.5 0.7 0.7 0.7 0.5 0.4 0.3 0.3 0.3 0.3 0.2 0.2 0.2 0.1 0.1 0.1 0.1 
Predicted: 26.1 8.5 3.8 1.7 0.7 0.4 0.4 0.3 0.2 0.2 0.2 0.1 0.1 0.1 0.1 0.1 0.1 0.1 0.0 0.0 

Correct  : 19.7 10.3 6.3 5.9 2.1 1.0 0.7 0.7 0.5 0.5 0.3 0.3 0.3 0.3 0.3 0.3 0.2 0.2 0.2 0.2 
Predicted: 18.8 11.2 7.0 4.8 3.1 2.0 1.4 0.9 0.7 0.5 0.4 0.4 0.3 0.3 0.3 0.2 0.2 0.2 0.2 0.1 

Correct  : 13.9 5.4 4.1 1.2 1.2 0.9 0.8 0.6 0.4 0.3 0.3 0.3 0.2 0.2 0.2 0.2 0.2 0.1 0.1 0.1 
Predicted: 11.0 6.3 4.9 3.5 2.5 1.8 1.3 0.9 0.7 0.5 0.4 0.3 0.3 0.3 0.2 0.2 0.2 0.2 0.1 0.1 

Correct  : 10.1 9.4 6.9 6.7 2.5 2.3 1.9 1.9 0.4 0.4 0.4 0.3 0.3 0.2 0.2 0.2 0.2 0.2 0.2 0.2 
Predicted: 11.8 8.9 6.7 4.9 3.4 2.4 1.7 1.1 0.8 0.6 0.5 0.4 0.4 0.3 0.3 0.3 0.2 0.2 0.2 0.1 

Correct  : 3.7 0.3 0.1 0.1 0.1 0.0 0.0 0.0 0.0 0.0 0.0 0.0 0.0 0.0 0.0 0.0 0.0 0.0 0.0 0.0 
Predicted: 4.1 0.8 0.4 0.3 0.2 0.2 0.1 0.1 0.1 0.1 0.1 0.1 0.0 0.0 0.0 0.0 0.0 0.0 0.0 0.0 

Correct  : 6.9 6.7 4.7 4.6 4.4 4.4 0.2 0.2 0.1 0.1 0.1 0.1 0.1 0.1 0.0 0.0 0.0 0.0 0.0 0.0 
Predicted: 7.5 5.9 5.0 4.1 3.1 2.3 1.7 1.1 0.8 0.6 0.5 0.4 0.3 0.3 0.3 0.2 0.2 0.2 0.2 0.2 

Correct  : 5.5 0.2 0.2 0.1 0.1 0.1 0.1 0.1 0.1 0.1 0.1 0.1 0.1 0.1 0.0 0.0 0.0 0.0 0.0 0.0 
Predicted: 5.2 1.7 0.7 0.5 0.3 0.2 0.2 0.2 0.1 0.1 0.1 0.1 0.1 0.1 0.1 0.1 0.0 0.0 0.0 0.0 

Correct  : 12.8 11.6 10.1 9.5 7.4 5.4 1.9 0.9 0.8 0.6 0.5 0.4 0.4 0.4 0.3 0.3 0.3 0.2 0.2 0.2 
Predicted: 13.8 10.9 9.4 7.6 5.6 4.1 2.9 1.9 1.4 1.0 0.8 0.6 0.5 0.4 0.4 0.4 0.3 0.3 0.3 0.2 

Correct  : 22.3 10.6 6.9 5.1 3.6 3.3 1.5 1.3 1.0 0.8 0.7 0.6 0.6 0.6 0.5 0.5 0.4 0.4 0.3 0.3 
Predicted: 20.6 8.3 5.9 4.8 3.6 2.8 2.1 1.4 1.1 0.8 0.6 0.5 0.4 0.4 0.4 0.3 0.3 0.2 0.2 0.2 

Correct  : 38.4 6.7 3.1 0.2 0.0 0.0 0.0 0.0 0.0 0.0 0.0 0.0 0.0 0.0 0.0 0.0 0.0 0.0 0.0 0.0 
Predicted: 32.9 5.4 2.2 1.4 0.7 0.5 0.5 0.3 0.3 0.2 0.2 0.2 0.2 0.1 0.1 0.1 0.1 0.1 0.1 0.0 

Correct  : 0.2 0.1 0.1 0.0 0.0 0.0 0.0 0.0 0.0 0.0 0.0 0.0 0.0 0.0 0.0 0.0 0.0 0.0 0.0 0.0 
Predicted: 0.7 0.4 0.2 0.2 0.1 0.1 0.1 0.1 0.1 0.0 0.0 0.0 0.0 0.0 0.0 0.0 0.0 0.0 0.0 0.0 

